1899
0 L 0 163 1 
1 L 0 230 1 
2 L 0 43 1 
3 L 0 104 1 
4 L 2 358 1 
5 L 0 375 1 
6 L 1 234 1 
7 L 7 97 1 
8 L 0 111 1 
9 L 0 396 1 
10 L 8 125 1 
11 L 0 288 1 
12 L 0 383 1 
13 L 0 225 1 
14 L 0 299 1 
15 L 0 100 1 
16 L 0 81 1 
17 L 0 205 1 
18 L 5 184 1 
19 L 0 214 1 
20 L 1 54 1 
21 L 0 241 1 
22 L 0 191 1 
23 L 7 289 1 
24 L 4 162 1 
25 L 2 200 1 
26 L 0 104 1 
27 L 0 172 1 
28 L 0 255 1 
29 L 0 163 1 
7 D 260 97 1 
18 D 683 184 1 
23 D 816 289 1 
7 W 12
18 W 12
23 W 12
4 D 82 358 1 
7 L 0 243 1 
18 L 3 346 1 
23 L 0 31 1 
25 D 843 200 1 
4 W 14
25 W 14
0 D 1 163 1 
1 D 11 230 1 
2 D 50 43 1 
3 D 79 104 1 
4 L 0 288 1 
5 D 152 375 1 
8 D 275 111 1 
9 D 303 396 1 
11 D 363 288 1 
12 D 409 383 1 
13 D 425 225 1 
14 D 464 299 1 
15 D 594 100 1 
16 D 663 81 1 
17 D 664 205 1 
19 D 688 214 1 
21 D 775 241 1 
22 D 776 191 1 
25 L 0 189 1 
26 D 852 104 1 
27 D 861 172 1 
28 D 889 255 1 
29 D 913 163 1 
0 W 16
1 W 16
2 W 16
3 W 16
5 W 16
8 W 16
9 W 16
11 W 16
12 W 16
13 W 16
14 W 16
15 W 16
16 W 16
17 W 16
19 W 16
21 W 16
22 W 16
26 W 16
27 W 16
28 W 16
29 W 16
0 L 0 239 1 
1 L 5 286 1 
2 L 0 129 1 
3 L 0 172 1 
5 L 0 26 1 
8 L 2 7 1 
9 L 0 154 1 
11 L 0 136 1 
12 L 3 153 1 
13 L 1 192 1 
14 L 0 10 1 
15 L 0 149 1 
16 L 0 287 1 
17 L 0 237 1 
19 L 2 388 1 
21 L 5 113 1 
22 L 0 266 1 
26 L 1 28 1 
27 L 7 145 1 
28 L 0 326 1 
29 L 0 47 1 
10 D 325 125 1 
10 W 19
7 D 676 243 1 
10 L 0 85 1 
5 D 1183 26 1 
7 W 21
24 D 829 162 1 
5 W 22
7 L 5 286 1 
24 W 22
5 L 0 76 1 
11 D 1195 136 1 
23 D 761 31 1 
24 L 0 95 1 
28 D 1213 326 1 
9 D 1194 154 1 
11 W 24
23 W 24
28 W 24
9 W 25
11 L 0 106 1 
23 L 6 79 1 
28 L 6 231 1 
1 D 1151 286 1 
4 D 951 288 1 
9 L 8 67 1 
18 D 748 346 1 
1 W 27
4 W 27
6 D 167 234 1 
18 W 27
20 D 760 54 1 
1 L 0 99 1 
4 L 9 337 1 
6 W 28
18 L 0 129 1 
20 W 28
27 D 1213 145 1 
28 D 571 231 1 
6 L 7 289 1 
8 D 1194 7 1 
20 L 0 168 1 
21 D 1206 113 1 
25 D 982 189 1 
27 W 29
28 W 29
8 W 30
10 D 147 85 1 
12 D 1195 153 1 
21 W 30
25 W 30
27 L 1 117 1 
28 L 0 278 1 
0 D 1151 239 1 
8 L 0 120 1 
10 W 31
12 W 31
17 D 1203 237 1 
21 L 0 360 1 
25 L 0 277 1 
29 D 1219 47 1 
0 W 32
2 D 1176 129 1 
3 D 1176 172 1 
7 D 283 286 1 
10 L 0 92 1 
12 L 5 183 1 
13 D 1195 192 1 
14 D 1199 10 1 
15 D 1199 149 1 
16 D 1199 287 1 
17 W 32
24 D 357 95 1 
29 W 32
0 L 0 140 1 
2 W 33
3 W 33
7 W 33
13 W 33
14 W 33
15 W 33
16 W 33
17 L 0 241 1 
22 D 1206 266 1 
24 W 33
29 L 7 332 1 
2 L 0 137 1 
3 L 0 164 1 
5 D 324 76 1 
7 L 0 326 1 
13 L 9 58 1 
14 L 1 198 1 
15 L 7 331 1 
16 L 3 346 1 
19 D 1203 388 1 
22 W 34
24 L 0 391 1 
5 W 35
19 W 35
22 L 9 369 1 
5 L 7 97 1 
19 L 8 258 1 
21 D 993 360 1 
26 D 1213 28 1 
6 D 842 289 1 
21 W 37
26 W 37
6 W 38
21 L 0 62 1 
23 D 559 79 1 
26 L 8 41 1 
28 D 944 278 1 
6 L 0 50 1 
7 D 1128 326 1 
18 D 806 129 1 
20 D 870 168 1 
23 W 39
25 D 1003 277 1 
28 W 39
4 D 778 337 1 
7 W 40
14 D 1146 198 1 
18 W 40
20 W 40
23 L 8 131 1 
25 W 40
28 L 0 164 1 
0 D 1049 140 1 
4 W 41
7 L 0 35 1 
8 D 974 120 1 
11 D 516 106 1 
14 W 41
18 L 3 282 1 
20 L 8 298 1 
25 L 6 335 1 
0 W 42
4 L 0 253 1 
8 W 42
11 W 42
14 L 0 151 1 
17 D 1093 241 1 
0 L 0 268 1 
5 D 1232 97 1 
8 L 7 289 1 
9 D 610 67 1 
11 L 1 54 1 
17 W 43
22 D 1184 369 1 
5 W 44
9 W 44
16 D 1146 346 1 
17 L 3 159 1 
22 W 44
5 L 0 360 1 
9 L 5 286 1 
16 W 45
22 L 0 73 1 
11 D 391 54 1 
16 L 3 27 1 
18 D 310 282 1 
19 D 1249 258 1 
1 D 778 99 1 
3 D 1124 164 1 
10 D 1021 92 1 
11 W 47
13 D 1146 58 1 
18 W 47
19 W 47
21 D 145 62 1 
1 W 48
3 W 48
6 D 211 50 1 
8 D 389 289 1 
10 W 48
11 L 3 27 1 
12 D 1021 183 1 
13 W 48
18 L 0 245 1 
19 L 4 273 1 
21 W 48
24 D 1160 391 1 
29 D 1123 332 1 
1 L 2 49 1 
2 D 1124 137 1 
3 L 2 193 1 
6 W 49
8 W 49
10 L 0 377 1 
12 W 49
13 L 9 235 1 
21 L 0 35 1 
24 W 49
29 W 49
2 W 50
6 L 0 136 1 
8 L 0 205 1 
12 L 2 84 1 
24 L 0 340 1 
26 D 160 41 1 
29 L 0 242 1 
0 D 374 268 1 
2 L 0 168 1 
26 W 51
0 W 52
22 D 518 73 1 
26 L 1 62 1 
0 L 5 344 1 
11 D 636 27 1 
16 D 545 27 1 
22 W 53
7 D 293 35 1 
11 W 54
16 W 54
22 L 1 198 1 
23 D 278 131 1 
29 D 754 242 1 
7 W 55
11 L 0 172 1 
14 D 365 151 1 
15 D 1146 331 1 
16 L 0 50 1 
23 W 55
25 D 317 335 1 
29 W 55
7 L 0 133 1 
14 W 56
15 W 56
23 L 0 201 1 
25 W 56
27 D 944 117 1 
28 D 285 164 1 
29 L 1 338 1 
0 D 936 344 1 
14 L 0 269 1 
15 L 0 278 1 
17 D 446 159 1 
20 D 310 298 1 
25 L 5 344 1 
27 W 57
28 W 57
0 W 58
17 W 58
20 W 58
27 L 0 2 1 
28 L 0 63 1 
0 L 6 238 1 
5 D 474 360 1 
17 L 0 342 1 
19 D 639 273 1 
20 L 0 8 1 
5 W 60
9 D 484 286 1 
19 W 60
4 D 346 253 1 
5 L 3 282 1 
9 W 61
18 D 639 245 1 
19 L 0 275 1 
1 D 646 49 1 
2 D 798 168 1 
3 D 646 193 1 
4 W 62
9 L 0 164 1 
18 W 62
1 W 63
2 W 63
3 W 63
4 L 0 167 1 
10 D 647 377 1 
18 L 0 270 1 
1 L 0 359 1 
2 L 0 26 1 
3 L 0 31 1 
10 W 64
13 D 677 235 1 
21 D 686 35 1 
24 D 751 340 1 
10 L 0 150 1 
13 W 65
21 W 65
23 D 1178 201 1 
24 W 65
25 D 1248 344 1 
0 D 98 238 1 
11 D 1062 172 1 
13 L 1 370 1 
21 L 0 104 1 
23 W 66
24 L 1 261 1 
25 W 66
0 W 67
5 D 255 282 1 
11 W 67
23 L 0 297 1 
25 L 2 384 1 
0 L 0 382 1 
5 W 68
11 L 8 267 1 
5 L 1 191 1 
7 D 1143 133 1 
12 D 741 84 1 
6 D 718 136 1 
7 W 71
8 D 718 205 1 
12 W 71
17 D 130 342 1 
6 W 72
7 L 6 365 1 
8 W 72
9 D 333 164 1 
12 L 0 237 1 
14 D 1226 269 1 
15 D 1226 278 1 
17 W 72
22 D 1042 198 1 
29 D 1193 338 1 
6 L 8 367 1 
8 L 0 35 1 
9 W 73
14 W 73
15 W 73
16 D 1065 50 1 
17 L 8 161 1 
20 D 158 8 1 
22 W 73
27 D 98 2 1 
28 D 98 63 1 
29 W 73
1 D 468 359 1 
8 D 1084 35 1 
9 L 7 68 1 
14 L 8 22 1 
15 L 0 35 1 
16 W 74
20 W 74
22 L 8 315 1 
26 D 936 62 1 
27 W 74
28 W 74
29 L 9 337 1 
1 W 75
8 W 75
10 D 562 150 1 
16 L 0 136 1 
18 D 430 270 1 
20 L 1 191 1 
26 W 75
27 L 0 114 1 
28 L 8 125 1 
1 L 0 323 1 
4 D 382 167 1 
8 L 2 388 1 
10 W 76
18 W 76
19 D 292 275 1 
26 L 0 247 1 
4 W 77
10 L 7 220 1 
18 L 1 340 1 
19 W 77
4 L 5 344 1 
19 L 7 145 1 
2 D 481 26 1 
3 D 481 31 1 
2 W 80
3 W 80
17 D 1090 161 1 
2 L 0 163 1 
3 L 1 338 1 
17 W 81
19 D 168 145 1 
0 D 684 382 1 
9 D 1136 68 1 
17 L 0 296 1 
19 W 82
21 D 618 104 1 
0 W 83
4 D 138 344 1 
9 W 83
19 L 0 63 1 
21 W 83
24 D 618 261 1 
0 L 3 121 1 
4 W 84
6 D 1076 367 1 
7 D 952 365 1 
9 L 0 112 1 
11 D 706 267 1 
21 L 1 24 1 
23 D 661 297 1 
24 W 84
4 L 7 336 1 
6 W 85
7 W 85
8 D 7 388 1 
11 W 85
23 W 85
24 L 5 244 1 
6 L 0 276 1 
7 L 5 286 1 
8 W 86
11 L 7 145 1 
23 L 6 335 1 
8 L 0 64 1 
10 D 65 220 1 
16 D 1209 136 1 
17 D 393 296 1 
25 D 661 384 1 
2 D 262 163 1 
10 W 88
12 D 995 237 1 
15 D 1167 35 1 
16 W 88
17 W 88
25 W 88
2 W 89
5 D 724 191 1 
10 L 2 388 1 
12 W 89
13 D 602 370 1 
15 W 89
16 L 0 348 1 
17 L 1 370 1 
25 L 0 31 1 
28 D 1241 125 1 
29 D 1181 337 1 
2 L 0 100 1 
5 W 90
12 L 5 184 1 
13 W 90
15 L 1 338 1 
24 D 528 244 1 
28 W 90
29 W 90
5 L 0 318 1 
13 L 0 374 1 
14 D 1167 22 1 
24 W 91
26 D 25 247 1 
27 D 1241 114 1 
28 L 8 41 1 
29 L 0 95 1 
1 D 1241 323 1 
14 W 92
24 L 5 286 1 
26 W 92
27 W 92
1 W 93
14 L 1 288 1 
26 L 0 194 1 
27 L 1 197 1 
1 L 0 16 1 
2 D 786 100 1 
9 D 460 112 1 
19 D 440 63 1 
24 D 866 286 1 
2 W 95
9 W 95
19 W 95
24 W 95
2 L 7 289 1 
9 L 3 372 1 
18 D 77 340 1 
19 L 0 115 1 
24 L 5 344 1 
3 D 262 338 1 
8 D 622 64 1 
18 W 97
22 D 1179 315 1 
3 W 98
8 W 98
18 L 1 316 1 
21 D 471 24 1 
22 W 98
23 D 584 335 1 
3 L 8 367 1 
8 L 1 261 1 
16 D 749 348 1 
21 W 99
22 L 0 146 1 
23 W 99
25 D 774 31 1 
4 D 480 336 1 
12 D 801 184 1 
13 D 818 374 1 
16 W 100
21 L 1 338 1 
23 L 2 55 1 
25 W 100
4 W 101
12 W 101
13 W 101
16 L 9 128 1 
20 D 1214 191 1 
24 D 1105 344 1 
25 L 0 3 1 
4 L 0 119 1 
12 L 1 129 1 
13 L 5 196 1 
20 W 102
24 W 102
26 D 934 194 1 
1 D 946 16 1 
20 L 0 17 1 
24 L 8 165 1 
26 W 103
28 D 836 41 1 
0 D 443 121 1 
1 W 104
5 D 817 318 1 
10 D 736 388 1 
26 L 0 167 1 
28 W 104
29 D 836 95 1 
0 W 105
1 L 0 76 1 
5 W 105
7 D 542 286 1 
9 D 1085 372 1 
10 W 105
19 D 1105 115 1 
28 L 7 220 1 
29 W 105
0 L 0 297 1 
5 L 0 210 1 
6 D 542 276 1 
7 W 106
9 W 106
10 L 0 104 1 
19 W 106
29 L 4 86 1 
6 W 107
7 L 0 175 1 
9 L 5 286 1 
17 D 749 370 1 
19 L 2 384 1 
21 D 42 338 1 
2 D 1083 289 1 
6 L 0 40 1 
16 D 104 128 1 
17 W 108
21 W 108
2 W 109
11 D 567 145 1 
15 D 801 338 1 
16 W 109
17 L 1 47 1 
21 L 5 286 1 
27 D 934 197 1 
2 L 5 23 1 
11 W 110
15 W 110
16 L 0 375 1 
27 W 110
11 L 6 365 1 
15 L 0 163 1 
27 L 3 308 1 
3 D 1223 367 1 
10 D 319 104 1 
18 D 1196 316 1 
24 D 189 165 1 
3 W 113
8 D 1237 261 1 
10 W 113
18 W 113
24 W 113
3 L 0 82 1 
8 W 114
10 L 0 26 1 
13 D 128 196 1 
18 L 0 10 1 
20 D 189 17 1 
24 L 2 284 1 
26 D 247 167 1 
8 L 3 224 1 
13 W 115
14 D 928 288 1 
20 W 115
26 W 115
29 D 339 86 1 
13 L 6 399 1 
14 W 116
20 L 4 306 1 
25 D 106 3 1 
26 L 0 167 1 
29 W 116
4 D 108 119 1 
14 L 8 267 1 
25 W 117
29 L 1 261 1 
0 D 282 297 1 
2 D 483 23 1 
4 W 118
5 D 301 210 1 
22 D 4 146 1 
25 L 0 397 1 
0 W 119
2 W 119
4 L 0 2 1 
5 W 119
15 D 578 163 1 
22 W 119
0 L 8 66 1 
2 L 1 191 1 
5 L 3 346 1 
12 D 128 129 1 
15 W 120
19 D 347 384 1 
22 L 0 16 1 
1 D 253 76 1 
9 D 344 286 1 
12 W 121
15 L 9 369 1 
19 W 121
1 W 122
9 W 122
12 L 0 111 1 
19 L 0 149 1 
21 D 432 286 1 
1 L 0 360 1 
6 D 375 40 1 
7 D 344 175 1 
9 L 0 278 1 
10 D 701 26 1 
13 D 809 399 1 
21 W 123
23 D 68 55 1 
6 W 124
7 W 124
10 W 124
11 D 563 365 1 
13 W 124
21 L 8 130 1 
23 W 124
3 D 691 82 1 
6 L 0 347 1 
7 L 3 372 1 
8 D 747 224 1 
10 L 9 58 1 
11 W 125
13 L 0 215 1 
23 L 0 328 1 
28 D 282 220 1 
3 W 126
8 W 126
11 L 0 52 1 
16 D 531 375 1 
28 W 126
3 L 0 137 1 
8 L 0 63 1 
16 W 127
28 L 8 130 1 
16 L 7 97 1 
18 D 704 10 1 
18 W 129
24 D 704 284 1 
9 D 1140 278 1 
18 L 0 164 1 
24 W 130
4 D 918 2 1 
9 W 131
24 L 0 63 1 
26 D 819 167 1 
27 D 579 308 1 
2 D 943 191 1 
4 W 132
9 L 0 314 1 
10 D 1244 58 1 
20 D 814 306 1 
25 D 901 397 1 
26 W 132
27 W 132
2 W 133
4 L 3 282 1 
10 W 133
12 D 1089 111 1 
20 W 133
25 W 133
26 L 0 10 1 
27 L 3 27 1 
2 L 0 268 1 
10 L 0 283 1 
12 W 134
17 D 432 47 1 
20 L 0 297 1 
22 D 1008 16 1 
23 D 1245 328 1 
25 L 1 75 1 
1 D 1112 360 1 
12 L 1 75 1 
17 W 135
20 D 512 297 1 
22 W 135
23 W 135
1 W 136
14 D 833 267 1 
15 D 1041 369 1 
17 L 0 31 1 
19 D 1108 149 1 
20 W 136
22 L 0 186 1 
23 L 9 251 1 
1 L 0 247 1 
7 D 1236 372 1 
14 W 137
15 W 137
19 W 137
20 L 8 324 1 
7 W 138
14 L 0 164 1 
15 L 1 198 1 
19 L 0 396 1 
5 D 943 346 1 
7 L 0 293 1 
29 D 867 261 1 
5 W 140
28 D 95 130 1 
29 W 140
0 D 943 66 1 
2 D 488 268 1 
5 L 5 184 1 
6 D 1236 347 1 
11 D 28 52 1 
13 D 1244 215 1 
16 D 124 97 1 
28 W 141
29 L 3 18 1 
0 W 142
2 W 142
4 D 416 282 1 
6 W 142
9 D 401 314 1 
10 D 491 283 1 
11 W 142
13 W 142
16 W 142
21 D 1198 130 1 
27 D 488 27 1 
28 L 0 169 1 
0 L 0 229 1 
2 L 0 272 1 
3 D 55 137 1 
4 W 143
6 L 2 158 1 
8 D 78 63 1 
9 W 143
10 W 143
11 L 0 342 1 
13 L 0 375 1 
16 L 1 129 1 
21 W 143
27 W 143
3 W 144
4 L 1 288 1 
8 W 144
9 L 0 314 1 
10 L 1 356 1 
18 D 236 164 1 
21 L 1 141 1 
27 L 8 279 1 
3 L 6 142 1 
8 L 7 19 1 
18 W 145
17 D 587 31 1 
18 L 0 181 1 
24 D 360 63 1 
17 W 147
24 W 147
26 D 488 10 1 
7 D 717 293 1 
17 L 2 30 1 
24 L 0 350 1 
26 W 148
7 W 149
22 D 587 186 1 
26 L 7 108 1 
29 D 851 18 1 
1 D 590 247 1 
7 L 6 53 1 
12 D 549 75 1 
14 D 702 164 1 
19 D 702 396 1 
22 W 150
23 D 587 251 1 
29 W 150
1 W 151
12 W 151
14 W 151
19 W 151
22 L 9 251 1 
23 W 151
29 L 0 241 1 
1 L 1 333 1 
12 L 3 228 1 
14 L 0 268 1 
19 L 8 130 1 
23 L 0 290 1 
25 D 537 75 1 
27 D 1038 279 1 
8 D 1056 19 1 
11 D 910 342 1 
13 D 910 375 1 
25 W 153
27 W 153
8 W 154
10 D 967 356 1 
11 W 154
13 W 154
25 L 9 386 1 
27 L 1 98 1 
8 L 1 54 1 
10 W 155
11 L 1 198 1 
13 L 0 230 1 
5 D 793 184 1 
10 L 0 114 1 
23 D 204 290 1 
0 D 909 229 1 
2 D 909 272 1 
5 W 157
6 D 910 158 1 
23 W 157
0 W 158
2 W 158
5 L 0 390 1 
6 W 158
12 D 201 228 1 
16 D 915 129 1 
20 D 659 324 1 
23 L 8 257 1 
28 D 909 169 1 
0 L 5 113 1 
2 L 3 153 1 
4 D 967 288 1 
6 L 1 3 1 
9 D 967 314 1 
12 W 159
15 D 702 198 1 
16 W 159
18 D 1127 181 1 
20 W 159
28 W 159
4 W 160
9 W 160
12 L 0 237 1 
15 W 160
16 L 9 29 1 
18 W 160
20 L 3 80 1 
28 L 0 83 1 
29 D 186 241 1 
4 L 9 337 1 
9 L 0 194 1 
13 D 399 230 1 
15 L 9 386 1 
18 L 6 107 1 
21 D 1038 141 1 
22 D 176 251 1 
26 D 63 108 1 
29 W 161
10 D 422 114 1 
13 W 162
21 W 162
22 W 162
26 W 162
29 L 0 205 1 
10 W 163
13 L 6 335 1 
21 L 6 274 1 
22 L 2 284 1 
24 D 1240 350 1 
26 L 9 12 1 
3 D 1040 142 1 
7 D 101 53 1 
10 L 0 138 1 
24 W 164
25 D 355 386 1 
3 W 165
7 W 165
14 D 201 268 1 
24 L 0 300 1 
25 W 165
3 L 6 231 1 
7 L 4 59 1 
9 D 709 194 1 
12 D 651 237 1 
14 W 166
17 D 1240 30 1 
25 L 0 398 1 
9 W 167
12 W 167
14 L 3 372 1 
17 W 167
0 D 514 113 1 
2 D 514 153 1 
9 L 5 113 1 
12 L 9 265 1 
17 L 2 49 1 
0 W 169
1 D 186 333 1 
2 W 169
19 D 204 130 1 
20 D 668 80 1 
0 L 1 192 1 
1 W 170
2 L 9 295 1 
19 W 170
20 W 170
1 L 0 272 1 
19 L 5 183 1 
20 L 0 208 1 
24 D 998 300 1 
27 D 394 98 1 
18 D 734 107 1 
24 W 172
27 W 172
4 D 694 337 1 
18 W 173
24 L 0 154 1 
27 L 8 367 1 
4 W 174
5 D 476 390 1 
8 D 399 54 1 
10 D 966 138 1 
11 D 399 198 1 
18 L 0 230 1 
28 D 694 83 1 
4 L 0 65 1 
5 W 175
8 W 175
9 D 1092 113 1 
10 W 175
11 W 175
13 D 824 335 1 
22 D 832 284 1 
28 W 175
3 D 1027 231 1 
5 L 2 30 1 
8 L 0 149 1 
9 W 176
10 L 6 195 1 
11 L 8 257 1 
13 W 176
22 W 176
28 L 2 87 1 
29 D 799 205 1 
3 W 177
9 L 8 66 1 
13 L 3 159 1 
15 D 709 386 1 
21 D 832 274 1 
22 L 9 160 1 
23 D 503 257 1 
29 W 177
3 L 0 70 1 
15 W 178
21 W 178
23 W 178
26 D 850 12 1 
29 L 1 288 1 
6 D 523 3 1 
8 D 139 149 1 
12 D 1092 265 1 
15 L 0 32 1 
16 D 668 29 1 
19 D 1173 183 1 
21 L 0 262 1 
23 L 0 283 1 
26 W 179
6 W 180
7 D 1030 59 1 
8 W 180
12 W 180
16 W 180
19 W 180
26 L 8 355 1 
6 L 0 296 1 
7 W 181
8 L 0 377 1 
12 L 2 87 1 
16 L 0 168 1 
19 L 8 367 1 
25 D 1032 398 1 
2 D 1141 295 1 
7 L 7 220 1 
25 W 182
2 W 183
20 D 1173 208 1 
24 D 72 154 1 
25 L 3 380 1 
2 L 3 228 1 
20 W 184
24 W 184
15 D 304 32 1 
18 D 96 230 1 
20 L 0 373 1 
21 D 304 262 1 
24 L 8 66 1 
15 W 186
18 W 186
21 W 186
0 D 1141 192 1 
1 D 1159 272 1 
15 L 0 375 1 
17 D 1102 49 1 
18 L 3 27 1 
21 L 0 119 1 
0 W 188
1 W 188
14 D 1057 372 1 
17 W 188
0 L 2 117 1 
1 L 0 133 1 
11 D 139 257 1 
14 W 189
17 L 0 236 1 
5 D 139 30 1 
11 W 190
13 D 182 159 1 
14 L 0 10 1 
18 D 733 27 1 
23 D 304 283 1 
26 D 329 355 1 
4 D 102 65 1 
5 W 191
6 D 410 296 1 
8 D 410 377 1 
11 L 4 162 1 
13 W 191
16 D 458 168 1 
18 W 191
23 W 191
26 W 191
28 D 159 87 1 
4 W 192
5 L 0 225 1 
6 W 192
8 W 192
10 D 139 195 1 
13 L 1 164 1 
16 W 192
18 L 6 365 1 
20 D 642 373 1 
22 D 183 160 1 
23 L 5 183 1 
26 L 0 281 1 
28 W 192
29 D 217 288 1 
4 L 6 142 1 
6 L 6 231 1 
8 L 5 244 1 
10 W 193
14 D 846 10 1 
16 L 0 168 1 
20 W 193
22 W 193
28 L 1 245 1 
29 W 193
3 D 191 70 1 
10 L 0 278 1 
14 W 194
20 L 1 261 1 
22 L 8 315 1 
27 D 72 367 1 
29 L 3 153 1 
3 W 195
7 D 507 220 1 
14 L 0 218 1 
27 W 195
3 L 1 106 1 
7 W 196
19 D 458 367 1 
25 D 544 380 1 
27 L 7 220 1 
1 D 810 133 1 
2 D 574 228 1 
7 L 4 86 1 
19 W 197
25 W 197
1 W 198
2 W 198
19 L 4 394 1 
25 L 8 298 1 
1 L 0 390 1 
2 L 0 35 1 
4 D 1044 142 1 
6 D 1044 231 1 
9 D 182 66 1 
4 W 200
6 W 200
9 W 200
12 D 458 87 1 
4 L 0 48 1 
6 L 7 97 1 
9 L 5 184 1 
12 W 201
18 D 1002 365 1 
11 D 902 162 1 
12 L 0 151 1 
15 D 719 375 1 
17 D 828 236 1 
18 W 202
21 D 733 119 1 
11 W 203
15 W 203
16 D 1054 168 1 
17 W 203
18 L 7 97 1 
19 D 105 394 1 
20 D 1101 261 1 
21 W 203
8 D 1044 244 1 
11 L 3 153 1 
15 L 3 282 1 
16 W 204
17 L 7 289 1 
19 W 204
20 W 204
21 L 4 139 1 
29 D 1109 153 1 
8 W 205
16 L 0 122 1 
19 L 0 201 1 
20 L 2 284 1 
24 D 645 66 1 
29 W 205
8 L 0 48 1 
24 W 206
29 L 0 283 1 
0 D 810 117 1 
14 D 1111 218 1 
24 L 5 344 1 
0 W 208
1 D 110 390 1 
2 D 114 35 1 
5 D 949 225 1 
10 D 1080 278 1 
13 D 1002 164 1 
14 W 208
0 L 0 313 1 
1 W 209
2 W 209
5 W 209
7 D 12 86 1 
10 W 209
12 D 295 151 1 
13 W 209
14 L 0 61 1 
23 D 1006 183 1 
1 L 4 139 1 
2 L 0 149 1 
5 L 9 265 1 
7 W 210
10 L 0 77 1 
11 D 412 153 1 
12 W 210
13 L 0 150 1 
23 W 210
26 D 1006 281 1 
6 D 265 97 1 
7 L 0 115 1 
11 W 211
12 L 2 222 1 
23 L 0 347 1 
26 W 211
3 D 1188 106 1 
6 W 212
11 L 1 147 1 
21 D 421 139 1 
25 D 110 298 1 
26 L 8 161 1 
27 D 1243 220 1 
3 W 213
6 L 8 130 1 
15 D 412 282 1 
21 W 213
25 W 213
27 W 213
3 L 0 247 1 
9 D 265 184 1 
15 W 214
21 L 0 46 1 
25 L 0 168 1 
27 L 0 225 1 
28 D 1078 245 1 
4 D 265 48 1 
8 D 475 48 1 
9 W 215
15 L 0 126 1 
24 D 508 344 1 
28 W 215
4 W 216
8 W 216
9 L 0 74 1 
24 W 216
28 L 2 319 1 
29 D 482 283 1 
3 D 873 247 1 
4 L 5 71 1 
5 D 637 265 1 
8 L 1 106 1 
16 D 435 122 1 
17 D 412 289 1 
18 D 385 97 1 
19 D 435 201 1 
24 L 0 287 1 
29 W 217
1 D 637 139 1 
3 W 218
5 W 218
16 W 218
17 W 218
18 W 218
19 W 218
29 L 5 184 1 
1 W 219
3 L 0 348 1 
5 L 0 382 1 
9 D 1166 74 1 
16 L 6 231 1 
17 L 0 327 1 
18 L 0 345 1 
19 L 5 23 1 
1 L 1 266 1 
9 W 220
26 D 762 161 1 
6 D 797 130 1 
9 L 0 201 1 
22 D 1101 315 1 
26 W 221
6 W 222
11 D 750 147 1 
20 D 435 284 1 
22 W 222
26 L 0 208 1 
6 L 0 189 1 
11 W 223
20 W 223
22 L 1 198 1 
11 L 2 384 1 
20 L 1 314 1 
23 D 740 347 1 
0 D 576 313 1 
23 W 225
0 W 226
15 D 1014 126 1 
23 L 0 199 1 
0 L 1 75 1 
7 D 735 115 1 
12 D 735 222 1 
14 D 613 61 1 
15 W 227
21 D 957 46 1 
25 D 957 168 1 
27 D 957 225 1 
7 W 228
12 W 228
14 W 228
15 L 0 169 1 
21 W 228
25 W 228
27 W 228
7 L 9 58 1 
12 L 6 174 1 
14 L 7 220 1 
21 L 9 116 1 
25 L 0 252 1 
27 L 8 324 1 
2 D 637 149 1 
10 D 643 77 1 
13 D 643 150 1 
17 D 219 327 1 
18 D 219 345 1 
24 D 14 287 1 
29 D 88 184 1 
2 W 231
10 W 231
13 W 231
17 W 231
18 W 231
24 W 231
29 W 231
2 L 4 306 1 
4 D 1197 71 1 
8 D 1197 106 1 
10 L 0 163 1 
13 L 0 201 1 
17 L 8 315 1 
18 L 6 335 1 
24 L 5 183 1 
29 L 0 301 1 
3 D 88 348 1 
4 W 233
5 D 88 382 1 
8 W 233
19 D 228 23 1 
3 W 234
4 L 0 168 1 
5 W 234
8 L 0 277 1 
19 W 234
3 L 6 238 1 
5 L 0 276 1 
9 D 281 201 1 
14 D 681 220 1 
16 D 219 231 1 
19 L 0 382 1 
28 D 1185 319 1 
3 D 907 238 1 
9 W 236
14 W 236
16 W 236
28 W 236
3 W 237
9 L 0 328 1 
11 D 418 384 1 
14 L 8 125 1 
16 L 0 163 1 
28 L 0 151 1 
3 L 2 284 1 
7 D 681 58 1 
11 W 238
26 D 350 208 1 
6 D 361 189 1 
7 W 239
11 L 4 162 1 
12 D 681 174 1 
23 D 552 199 1 
26 W 239
6 W 240
7 L 0 242 1 
12 W 240
20 D 424 314 1 
23 W 240
25 D 700 252 1 
26 L 2 384 1 
6 L 7 320 1 
7 D 34 242 1 
12 L 1 32 1 
20 W 241
23 L 9 303 1 
25 W 241
1 D 228 266 1 
7 W 242
15 D 649 169 1 
20 L 8 324 1 
25 L 0 34 1 
1 W 243
7 L 0 398 1 
15 W 243
24 D 826 183 1 
26 D 58 384 1 
1 L 7 332 1 
15 L 6 238 1 
24 W 244
26 W 244
29 D 826 301 1 
22 D 388 198 1 
24 L 0 136 1 
26 L 0 241 1 
29 W 245
0 D 585 75 1 
2 D 763 306 1 
16 D 1017 163 1 
22 W 246
28 D 1107 151 1 
29 L 6 399 1 
0 W 247
2 W 247
4 D 874 168 1 
8 D 874 277 1 
16 W 247
18 D 815 335 1 
22 L 0 276 1 
28 W 247
0 L 0 100 1 
2 L 0 140 1 
4 W 248
8 W 248
10 D 815 163 1 
13 D 815 201 1 
16 L 3 159 1 
18 W 248
21 D 700 116 1 
28 L 0 70 1 
4 L 0 218 1 
8 L 0 300 1 
10 W 249
13 W 249
18 L 1 287 1 
21 W 249
5 D 907 276 1 
9 D 1016 328 1 
10 L 0 120 1 
13 L 0 218 1 
21 L 2 384 1 
23 D 119 303 1 
5 W 251
9 W 251
11 D 1200 162 1 
17 D 815 315 1 
23 W 251
27 D 700 324 1 
5 L 9 116 1 
7 D 264 398 1 
9 L 0 242 1 
11 W 252
17 W 252
23 L 8 66 1 
27 W 252
7 W 253
11 L 0 270 1 
14 D 1017 125 1 
17 L 3 27 1 
19 D 937 382 1 
27 L 7 289 1 
7 L 6 107 1 
14 W 254
19 W 254
22 D 598 276 1 
14 L 2 87 1 
15 D 436 238 1 
16 D 654 159 1 
19 L 0 242 1 
22 W 255
25 D 264 34 1 
12 D 119 32 1 
15 W 256
16 W 256
22 L 0 278 1 
25 W 256
12 W 257
15 L 1 288 1 
16 L 0 293 1 
25 L 0 227 1 
12 L 4 162 1 
27 D 1039 289 1 
29 D 592 399 1 
3 D 1107 284 1 
6 D 109 320 1 
20 D 231 324 1 
24 D 532 136 1 
26 D 532 241 1 
27 W 259
28 D 656 70 1 
29 W 259
1 D 373 332 1 
3 W 260
4 D 656 218 1 
6 W 260
8 D 656 300 1 
20 W 260
24 W 260
26 W 260
27 L 0 100 1 
28 W 260
29 L 0 126 1 
1 W 261
3 L 0 237 1 
4 W 261
6 L 0 371 1 
8 W 261
16 D 1247 293 1 
20 L 1 328 1 
24 L 0 73 1 
26 L 7 97 1 
28 L 0 118 1 
1 L 0 182 1 
4 L 0 199 1 
8 L 3 18 1 
9 D 933 242 1 
16 W 262
17 D 1039 27 1 
0 D 615 100 1 
2 D 615 140 1 
7 D 1070 107 1 
9 W 263
10 D 721 120 1 
11 D 1012 270 1 
13 D 721 218 1 
16 L 8 258 1 
17 W 263
0 W 264
2 W 264
7 W 264
9 L 7 93 1 
10 W 264
11 W 264
12 D 59 162 1 
13 W 264
17 L 0 223 1 
0 L 9 160 1 
2 L 0 243 1 
5 D 933 116 1 
7 L 9 14 1 
10 L 3 80 1 
11 L 8 125 1 
12 W 265
13 L 1 164 1 
21 D 721 384 1 
5 W 266
12 L 3 121 1 
14 D 1138 87 1 
21 W 266
25 D 56 227 1 
5 L 0 383 1 
14 W 267
21 L 0 382 1 
22 D 1180 278 1 
25 W 267
14 L 0 272 1 
19 D 1138 242 1 
22 W 268
25 L 1 175 1 
9 D 498 93 1 
19 W 269
22 L 9 14 1 
9 W 270
19 L 5 364 1 
21 D 849 382 1 
9 L 2 47 1 
10 D 665 80 1 
18 D 690 287 1 
21 W 271
5 D 805 383 1 
10 W 272
15 D 1247 288 1 
18 W 272
21 L 0 375 1 
5 W 273
10 L 8 41 1 
15 W 273
18 L 8 257 1 
23 D 986 66 1 
0 D 541 160 1 
5 L 6 238 1 
15 L 5 113 1 
17 D 498 223 1 
23 W 274
24 D 441 73 1 
28 D 441 118 1 
0 W 275
1 D 441 182 1 
4 D 441 199 1 
17 W 275
23 L 0 268 1 
24 W 275
26 D 441 97 1 
28 W 275
0 L 0 45 1 
1 W 276
4 W 276
12 D 777 121 1 
17 L 0 61 1 
24 L 0 260 1 
26 W 276
28 L 1 349 1 
1 L 0 393 1 
4 L 5 71 1 
11 D 665 125 1 
12 W 277
26 L 0 221 1 
11 W 278
12 L 0 272 1 
11 L 0 221 1 
8 D 447 18 1 
23 D 289 268 1 
0 D 336 45 1 
2 D 541 243 1 
7 D 665 14 1 
8 W 281
23 W 281
27 D 364 100 1 
29 D 364 126 1 
0 W 282
2 W 282
3 D 364 237 1 
6 D 364 371 1 
7 W 282
8 L 2 319 1 
19 D 1113 364 1 
23 L 0 221 1 
27 W 282
29 W 282
0 L 2 141 1 
2 L 4 162 1 
3 W 283
6 W 283
7 L 3 228 1 
19 W 283
27 L 9 386 1 
29 L 6 399 1 
3 L 8 161 1 
5 D 155 238 1 
6 L 3 228 1 
12 D 420 272 1 
14 D 886 272 1 
16 D 470 258 1 
19 L 1 147 1 
5 W 285
7 D 752 228 1 
9 D 1218 47 1 
12 W 285
14 W 285
16 W 285
5 L 8 41 1 
7 W 286
9 W 286
12 L 0 206 1 
13 D 665 164 1 
14 L 0 326 1 
16 L 6 365 1 
20 D 395 328 1 
21 D 37 375 1 
3 D 813 161 1 
7 L 0 43 1 
9 L 0 88 1 
13 W 287
20 W 287
21 W 287
3 W 288
13 L 1 129 1 
17 D 362 61 1 
20 L 0 241 1 
21 L 6 305 1 
24 D 362 260 1 
25 D 890 175 1 
3 L 0 214 1 
5 D 1026 41 1 
10 D 125 41 1 
17 W 289
18 D 125 257 1 
24 W 289
25 W 289
26 D 414 221 1 
4 D 403 71 1 
5 W 290
10 W 290
17 L 0 61 1 
18 W 290
22 D 1104 14 1 
24 L 1 268 1 
25 L 2 302 1 
26 W 290
4 W 291
5 L 0 122 1 
6 D 813 228 1 
10 L 0 223 1 
18 L 0 347 1 
22 W 291
26 L 3 159 1 
4 L 4 352 1 
6 W 292
11 D 456 221 1 
22 L 0 383 1 
28 D 362 349 1 
1 D 362 393 1 
6 L 1 261 1 
8 D 648 319 1 
11 W 293
12 D 1026 206 1 
14 D 1026 326 1 
23 D 653 221 1 
28 W 293
1 W 294
2 D 752 162 1 
8 W 294
11 L 5 364 1 
12 W 294
14 W 294
23 W 294
28 L 0 360 1 
1 L 2 388 1 
2 W 295
8 L 0 194 1 
12 L 0 262 1 
14 L 9 337 1 
15 D 198 113 1 
23 L 0 127 1 
0 D 752 141 1 
2 L 6 321 1 
15 W 296
0 W 297
4 D 277 352 1 
15 L 0 88 1 
0 L 0 45 1 
4 W 298
27 D 791 386 1 
4 L 5 71 1 
11 D 548 364 1 
27 W 299
28 D 698 360 1 
8 D 942 194 1 
11 W 300
12 D 942 262 1 
27 L 0 119 1 
28 W 300
6 D 376 261 1 
8 W 301
11 L 0 391 1 
12 W 301
28 L 0 373 1 
6 W 302
7 D 1074 43 1 
8 L 1 198 1 
9 D 1074 88 1 
12 L 9 256 1 
18 D 246 347 1 
19 D 899 147 1 
5 D 246 122 1 
6 L 0 40 1 
7 W 303
9 W 303
10 D 246 223 1 
18 W 303
19 W 303
20 D 16 241 1 
21 D 16 305 1 
29 D 791 399 1 
5 W 304
7 L 8 324 1 
9 L 1 356 1 
10 W 304
18 L 0 167 1 
19 L 0 172 1 
20 W 304
21 W 304
29 W 304
5 L 4 86 1 
10 L 0 247 1 
13 D 16 129 1 
14 D 942 337 1 
17 D 200 61 1 
20 L 0 60 1 
21 L 0 104 1 
22 D 370 383 1 
23 D 955 127 1 
24 D 200 268 1 
29 L 0 275 1 
0 D 1023 45 1 
13 W 306
14 W 306
17 W 306
22 W 306
23 W 306
24 W 306
0 W 307
11 D 169 391 1 
13 L 0 114 1 
14 L 1 129 1 
16 D 1026 365 1 
17 L 0 149 1 
22 L 9 303 1 
23 L 0 323 1 
24 L 0 325 1 
25 D 200 302 1 
26 D 277 159 1 
0 L 0 83 1 
1 D 698 388 1 
3 D 39 214 1 
11 W 308
15 D 985 88 1 
16 W 308
25 W 308
26 W 308
1 W 309
3 W 309
4 D 1110 71 1 
11 L 3 224 1 
15 W 309
16 L 9 295 1 
25 L 6 51 1 
26 L 0 76 1 
1 L 1 129 1 
3 L 0 208 1 
4 W 310
13 D 945 114 1 
15 L 0 100 1 
17 D 945 149 1 
23 D 945 323 1 
27 D 169 119 1 
4 L 5 71 1 
13 W 311
15 D 1129 100 1 
17 W 311
23 W 311
25 D 1125 51 1 
27 W 311
28 D 195 373 1 
2 D 955 321 1 
