40
0 L 0 38 1 
1 L 0 218 1 
2 L 0 57 1 
3 L 0 642 1 
4 L 0 349 1 
5 L 0 8 1 
6 L 0 52 1 
7 L 0 51 1 
8 L 0 401 1 
9 L 0 119 1 
10 L 0 286 1 
11 L 0 133 1 
12 L 0 431 1 
13 L 0 28 1 
14 L 0 107 1 
15 L 0 14 1 
16 L 0 266 1 
17 L 0 163 1 
18 L 0 119 1 
19 L 0 47 1 
0 D 0 38 1 
1 D 1 218 1 
2 D 2 57 1 
3 D 3 642 1 
4 D 4 349 1 
5 D 5 8 1 
6 D 6 52 1 
7 D 7 51 1 
8 D 8 401 1 
9 D 9 119 1 
10 D 10 286 1 
11 D 11 133 1 
12 D 12 431 1 
13 D 13 28 1 
14 D 14 107 1 
15 D 15 14 1 
16 D 16 266 1 
17 D 17 163 1 
18 D 18 119 1 
19 D 19 47 1 
