60
0 L 1 170 1 
1 L 0 63 1 
2 L 0 745 1 
3 L 0 325 1 
4 L 0 15 1 
5 L 0 488 1 
6 L 0 73 1 
7 L 0 142 1 
8 L 0 1843 1 
9 L 0 183 1 
10 L 0 154 1 
11 L 0 219 1 
12 L 0 32 1 
13 L 0 130 1 
14 L 0 1052 1 
15 L 0 525 1 
16 L 0 406 1 
17 L 0 409 1 
18 L 0 301 1 
19 L 0 815 1 
20 L 0 297 1 
21 L 0 573 1 
22 L 0 62 1 
23 L 0 157 1 
24 L 0 445 1 
25 L 0 30 1 
26 L 0 350 1 
27 L 0 2 1 
28 L 0 919 1 
29 L 0 290 1 
0 D 0 170 1 
1 D 1 63 1 
2 D 2 745 1 
3 D 3 325 1 
4 D 4 15 1 
5 D 5 488 1 
6 D 6 73 1 
7 D 7 142 1 
8 D 8 1843 1 
9 D 9 183 1 
10 D 10 154 1 
11 D 11 219 1 
12 D 12 32 1 
13 D 13 130 1 
14 D 14 1052 1 
15 D 15 525 1 
16 D 16 406 1 
17 D 17 409 1 
18 D 18 301 1 
19 D 19 815 1 
20 D 20 297 1 
21 D 21 573 1 
22 D 22 62 1 
23 D 23 157 1 
24 D 24 445 1 
25 D 25 30 1 
26 D 26 350 1 
27 D 27 2 1 
28 D 28 919 1 
29 D 29 290 1 
